# Made in Blockbench 4.11.1
mtllib ref_mech.mtl

o c1
v 0.25 -0.375 0.625
v 0.25 -0.375 -1.8125
v 0.25 -1.5 0.625
v 0.25 -1.5 -1.8125
v -0.25 -0.375 -1.8125
v -0.25 -0.375 0.625
v -0.25 -1.5 -1.8125
v -0.25 -1.5 0.625
vt 0.328125 0.3125
vt 0.3671875 0.3125
vt 0.3671875 0.23828125
vt 0.328125 0.23828125
vt 0.81640625 0.15625
vt 0.90625 0.15625
vt 0.90625 0.0859375
vt 0.81640625 0.0859375
vt 0.78515625 0.15625
vt 0.81640625 0.15625
vt 0.81640625 0.0859375
vt 0.78515625 0.0859375
vt 0.6953125 0.15625
vt 0.78515625 0.15625
vt 0.78515625 0.0859375
vt 0.6953125 0.0859375
vt 0.22265625 0.87890625
vt 0.26171875 0.87890625
vt 0.26171875 0.7265625
vt 0.22265625 0.7265625
vt 0.78515625 0.09765625
vt 0.81640625 0.09765625
vt 0.81640625 0
vt 0.78515625 0
vn 0 0 -1
vn 1 0 0
vn 0 0 1
vn -1 0 0
vn 0 1 0
vn 0 -1 0
usemtl m_028de888-636d-b0cb-79ae-6bea6fa114dd
f 4/4/1 7/3/1 5/2/1 2/1/1
f 3/8/2 4/7/2 2/6/2 1/5/2
f 8/12/3 3/11/3 1/10/3 6/9/3
f 7/16/4 8/15/4 6/14/4 5/13/4
f 6/20/5 1/19/5 2/18/5 5/17/5
f 7/24/6 4/23/6 3/22/6 8/21/6
o c3
v 1.1875 -0.39375000000000004 0.125
v 1.1875 -0.39375000000000004 -0.125
v 1.1875 -0.83125 0.125
v 1.1875 -0.83125 -0.125
v -1.1875 -0.39375000000000004 -0.125
v -1.1875 -0.39375000000000004 0.125
v -1.1875 -0.83125 -0.125
v -1.1875 -0.83125 0.125
vt 0.671875 0.05078125
vt 0.4765625 0.05078125
vt 0.4765625 0.08203125
vt 0.671875 0.08203125
vt 0 1
vt 0.015625 1
vt 0.015625 0.97265625
vt 0 0.97265625
vt 0.4765625 0.03125
vt 0.671875 0.03125
vt 0.671875 0
vt 0.4765625 0
vt 0 1
vt 0.015625 1
vt 0.015625 0.97265625
vt 0 0.97265625
vt 0.4765625 0.05078125
vt 0.671875 0.05078125
vt 0.671875 0.03125
vt 0.4765625 0.03125
vt 0 1
vt 0.0625 1
vt 0.0625 0.984375
vt 0 0.984375
vn 0 0 -1
vn 1 0 0
vn 0 0 1
vn -1 0 0
vn 0 1 0
vn 0 -1 0
usemtl m_028de888-636d-b0cb-79ae-6bea6fa114dd
f 12/28/7 15/27/7 13/26/7 10/25/7
f 11/32/8 12/31/8 10/30/8 9/29/8
f 16/36/9 11/35/9 9/34/9 14/33/9
f 15/40/10 16/39/10 14/38/10 13/37/10
f 14/44/11 9/43/11 10/42/11 13/41/11
f 15/48/12 12/47/12 11/46/12 16/45/12
o c2
v 0.5625 -0.25 0.5
v 0.5625 -0.25 -1.25
v 0.5625 -1.0625 0.5
v 0.5625 -1.0625 -1.25
v -0.5625 -0.25 -1.25
v -0.5625 -0.25 0.5
v -0.5625 -1.0625 -1.25
v -0.5625 -1.0625 0.5
vt 0 0.9375
vt 0.0625 0.9375
vt 0.0625 0.88671875
vt 0 0.88671875
vt 0.4140625 0.7578125
vt 0.48046875 0.7578125
vt 0.48046875 0.71484375
vt 0.4140625 0.71484375
vt 0 0.83203125
vt 0.0625 0.83203125
vt 0.0625 0.77734375
vt 0 0.77734375
vt 0.4140625 0.7578125
vt 0.48046875 0.7578125
vt 0.48046875 0.71484375
vt 0.4140625 0.71484375
vt 0 0.921875
vt 0.0625 0.921875
vt 0.0625 0.83203125
vt 0 0.83203125
vt 0 0.77734375
vt 0.0625 0.77734375
vt 0.0625 0.71484375
vt 0 0.71484375
vn 0 0 -1
vn 1 0 0
vn 0 0 1
vn -1 0 0
vn 0 1 0
vn 0 -1 0
usemtl m_028de888-636d-b0cb-79ae-6bea6fa114dd
f 20/52/13 23/51/13 21/50/13 18/49/13
f 19/56/14 20/55/14 18/54/14 17/53/14
f 24/60/15 19/59/15 17/58/15 22/57/15
f 23/64/16 24/63/16 22/62/16 21/61/16
f 22/68/17 17/67/17 18/66/17 21/65/17
f 23/72/18 20/71/18 19/70/18 24/69/18
o c4
v 1.32900059456111 -0.07221935256805045 -0.00538482045151778
v 1.0980720598172211 -0.6099472616471562 -0.7377965609625871
v 1.5445977956483001 -1.09615940792929 0.6784021419206749
v 1.3136692609044112 -1.6338873170083956 -0.0540095985903945
v 0.5019989655995791 -0.6099472616471554 -0.5498554362724164
v 0.7329275003434683 -0.07221935256804979 0.18255630423865288
v 0.7175961666867692 -1.633887317008395 0.1339315260997762
v 0.9485247014306584 -1.0961594079292893 0.8663432666108455
vt 0.59765625 1
vt 0.6484375 1
vt 0.6484375 0.8984375
vt 0.59765625 0.8984375
vt 0.54296875 1
vt 0.640625 1
vt 0.640625 0.8984375
vt 0.54296875 0.8984375
vt 0.24609375 0.49609375
vt 0.3125 0.49609375
vt 0.3125 0.375
vt 0.24609375 0.375
vt 0.640625 0.8984375
vt 0.54296875 0.8984375
vt 0.54296875 1
vt 0.640625 1
vt 0.3046875 0.625
vt 0.375 0.625
vt 0.375 0.5234375
vt 0.3046875 0.5234375
vt 0.375 1
vt 0.4140625 1
vt 0.4140625 0.9375
vt 0.375 0.9375
vn -0.24632377039348172 -0.5735764363510459 -0.7812391898784738
vn 0.9537169507482269 -1.1657341758564144e-15 -0.30070579950427306
vn 0.24632377039348172 0.5735764363510459 0.7812391898784738
vn -0.9537169507482269 1.1657341758564144e-15 0.30070579950427306
vn -0.17247776086975217 0.8191520442889919 -0.5470295698977543
vn 0.17247776086975217 -0.8191520442889919 0.5470295698977543
usemtl m_028de888-636d-b0cb-79ae-6bea6fa114dd
f 28/76/19 31/75/19 29/74/19 26/73/19
f 27/80/20 28/79/20 26/78/20 25/77/20
f 32/84/21 27/83/21 25/82/21 30/81/21
f 31/88/22 32/87/22 30/86/22 29/85/22
f 30/92/23 25/91/23 26/90/23 29/89/23
f 31/96/24 28/95/24 27/94/24 32/93/24
o c5
v 1.5553776557026597 -1.1473564106973524 0.7125914900392845
v 1.4784014774546967 -1.3265990470570541 0.46845424320226137
v 1.7601949967354904 -2.12009946329053 1.3621891042928675
v 1.6832188184875276 -2.2993420996502323 1.1180518574558445
v 0.8823283832370548 -1.3265990470570537 0.6563953678924319
v 0.959304561485018 -1.1473564106973517 0.900532614729455
v 1.0871457242698854 -2.2993420996502314 1.3059929821460152
v 1.1641219025178486 -2.1200994632905297 1.550130228983038
vt 0.37890625 0.765625
vt 0.30859375 0.765625
vt 0.30859375 0.890625
vt 0.37890625 0.890625
vt 0.671875 0.21484375
vt 0.6953125 0.21484375
vt 0.6953125 0.1015625
vt 0.671875 0.1015625
vt 0.609375 0.21484375
vt 0.671875 0.21484375
vt 0.671875 0.1015625
vt 0.609375 0.1015625
vt 0.578125 0.21484375
vt 0.609375 0.21484375
vt 0.609375 0.1015625
vt 0.578125 0.1015625
vt 0.31640625 0.28125
vt 0.37890625 0.28125
vt 0.37890625 0.23828125
vt 0.31640625 0.23828125
vt 0 1
vt 0.0390625 1
vt 0.0390625 0.98046875
vt 0 0.98046875
vn -0.24632377039348172 -0.5735764363510459 -0.7812391898784738
vn 0.9537169507482269 -1.1657341758564144e-15 -0.30070579950427306
vn 0.24632377039348172 0.5735764363510459 0.7812391898784738
vn -0.9537169507482269 1.1657341758564144e-15 0.30070579950427306
vn -0.17247776086975217 0.8191520442889919 -0.5470295698977543
vn 0.17247776086975217 -0.8191520442889919 0.5470295698977543
usemtl m_028de888-636d-b0cb-79ae-6bea6fa114dd
f 36/100/25 39/99/25 37/98/25 34/97/25
f 35/104/26 36/103/26 34/102/26 33/101/26
f 40/108/27 35/107/27 33/106/27 38/105/27
f 39/112/28 40/111/28 38/110/28 37/109/28
f 38/116/29 33/115/29 34/114/29 37/113/29
f 39/120/30 36/119/30 35/118/30 40/117/30
o c6
v 1.7543436763643911 -2.1198446956513486 1.364415521538321
v 1.6891009048259793 -2.081587831509103 1.1574918864353234
v 1.7314987326966058 -2.5506980875941894 1.2919606169412936
v 1.6662559611581935 -2.512441223451944 1.085036981838296
v 1.1049492724926906 -2.0815878315091023 1.3416741886316905
v 1.1701920440311022 -2.1198446956513477 1.548597823734688
v 1.082104328824905 -2.512441223451943 1.2692192840346632
v 1.1473471003633167 -2.550698087594189 1.4761429191376607
vt 0.30859375 0.83984375
vt 0.378125 0.83984375
vt 0.378125 0.7890625
vt 0.30859375 0.7890625
vt 0.671875 0.10195312499999998
vt 0.6954101562499999 0.10195312499999998
vt 0.6954101562499999 0.05078125
vt 0.671875 0.05078125
vt 0.609765625 0.10195312499999998
vt 0.671484375 0.10195312499999998
vt 0.671484375 0.05117187499999998
vt 0.609765625 0.05117187499999998
vt 0.5937500000000002 0.09765625
vt 0.6098632812500003 0.09765625
vt 0.6098632812500003 0.05117187500000009
vt 0.5937500000000002 0.05117187500000009
vt 0 1
vt 0.03828124999999999 1
vt 0.03828124999999999 0.98623046875
vt 0 0.98623046875
vt 0.609375 0.05078125
vt 0.659375 0.05078125
vt 0.659375 0.029199218749999978
vt 0.609375 0.029199218749999978
vn -0.29613740272754246 0.1736481776669307 -0.939227847276016
vn 0.953716950748227 -1.1449174941446929e-15 -0.30070579950427306
vn 0.29613740272754246 -0.1736481776669307 0.939227847276016
vn -0.953716950748227 1.1449174941446929e-15 0.30070579950427306
vn 0.052217014097795514 0.984807753012208 0.1656112105074911
vn -0.052217014097795514 -0.984807753012208 -0.1656112105074911
usemtl m_028de888-636d-b0cb-79ae-6bea6fa114dd
f 44/124/31 47/123/31 45/122/31 42/121/31
f 43/128/32 44/127/32 42/126/32 41/125/32
f 48/132/33 43/131/33 41/130/33 46/129/33
f 47/136/34 48/135/34 46/134/34 45/133/34
f 46/140/35 41/139/35 42/138/35 45/137/35
f 47/144/36 44/143/36 43/142/36 48/141/36
o c7
v 1.4695952505769434 -1.1320079352012304 0.6483688050222873
v 1.4234095436281655 -1.2395535170170517 0.5018864569200736
v 1.480375110631303 -1.1832049379692926 0.6825581531408971
v 1.4341894036825251 -1.2907505197851137 0.5360758050386831
v 0.9465510682540521 -1.239553517017051 0.65223935667221
v 0.99273677520283 -1.13200793520123 0.798721704774424
v 0.9573309283084117 -1.2907505197851132 0.6864287047908197
v 1.0035166352571894 -1.183204937969292 0.8329110528930335
vt 0.3203125 0.9375
vt 0.3671875 0.9375
vt 0.3671875 0.9296875
vt 0.3203125 0.9296875
vt 0.3203125 0.9375
vt 0.33984375 0.9375
vt 0.33984375 0.9296875
vt 0.3203125 0.9296875
vt 0.32031250000000006 0.9375
vt 0.36718750000000006 0.9375
vt 0.36718750000000006 0.9296875
vt 0.32031250000000006 0.9296875
vt 0.3203125 0.9375
vt 0.33984375 0.9375
vt 0.33984375 0.9296875
vt 0.3203125 0.9296875
vt 0 1
vt 0.03125 1
vt 0.03125 0.98828125
vt 0 0.98828125
vt 0 1
vt 0.03125 1
vt 0.03125 0.98828125
vt 0 0.98828125
vn -0.24632377039348172 -0.5735764363510459 -0.7812391898784738
vn 0.9537169507482269 -1.1657341758564144e-15 -0.30070579950427306
vn 0.24632377039348172 0.5735764363510459 0.7812391898784738
vn -0.9537169507482269 1.1657341758564144e-15 0.30070579950427306
vn -0.17247776086975217 0.8191520442889919 -0.5470295698977543
vn 0.17247776086975217 -0.8191520442889919 0.5470295698977543
usemtl m_028de888-636d-b0cb-79ae-6bea6fa114dd
f 52/148/37 55/147/37 53/146/37 50/145/37
f 51/152/38 52/151/38 50/150/38 49/149/38
f 56/156/39 51/155/39 49/154/39 54/153/39
f 55/160/40 56/159/40 54/158/40 53/157/40
f 54/164/41 49/163/41 50/162/41 53/161/41
f 55/168/42 52/167/42 51/166/42 56/165/42
o c8
v 1.3898511578298642 -1.5686756566475348 0.707219372767393
v 1.364139297668536 -1.803598811844012 0.6256717707206358
v 1.478154601836643 -1.6755569514368065 0.9872821168100638
v 1.4524427416753147 -1.9104801066332835 0.9057345147633067
v 1.1257100599814793 -1.8035988118440116 0.7008482205967042
v 1.1514219201428075 -1.5686756566475346 0.7823958226434611
v 1.214013503988258 -1.9104801066332833 0.9809109646393748
v 1.2397253641495862 -1.6755569514368063 1.062458566686132
vt 0.0390625 0.546875
vt 0.0703125 0.546875
vt 0.0703125 0.5078125
vt 0.0390625 0.5078125
vt 0.0390625 0.4375
vt 0.0703125 0.4375
vt 0.0703125 0.3984375
vt 0.0390625 0.3984375
vt 0 1
vt 0.015625000000000007 1
vt 0.015625000000000007 0.98046875
vt 0 0.98046875
vt 0.0390625 0.4921875
vt 0.0703125 0.4921875
vt 0.0703125 0.453125
vt 0.0390625 0.453125
vt 0.08203125 0.5078125
vt 0.09765625 0.5078125
vt 0.09765625 0.4921875
vt 0.08203125 0.4921875
vt 0 1
vt 0.015625000000000007 1
vt 0.015625000000000007 0.984375
vt 0 0.984375
vn -0.1028474406453124 -0.9396926207859084 -0.3261904081870282
vn 0.953716950748227 -1.1657341758564146e-15 -0.30070579950427306
vn 0.1028474406453124 0.9396926207859084 0.3261904081870282
vn -0.953716950748227 1.1657341758564146e-15 0.30070579950427306
vn -0.2825710208216919 0.34202014332566905 -0.8962007809365466
vn 0.2825710208216919 -0.34202014332566905 0.8962007809365466
usemtl m_028de888-636d-b0cb-79ae-6bea6fa114dd
f 60/172/43 63/171/43 61/170/43 58/169/43
f 59/176/44 60/175/44 58/174/44 57/173/44
f 64/180/45 59/179/45 57/178/45 62/177/45
f 63/184/46 64/183/46 62/182/46 61/181/46
f 62/188/47 57/187/47 58/186/47 61/185/47
f 63/192/48 60/191/48 59/190/48 64/189/48
o c9
v 1.174285907739121 -1.3076453198704974 0.02353374600946423
v 1.1485740475777928 -1.5425684750669746 -0.05801385603729292
v 1.2625893517458997 -1.4145266146597693 0.3035964900521353
v 1.2368774915845717 -1.6494497698562465 0.22204888800537825
v 0.9101448098907361 -1.5425684750669744 0.017162593838775386
v 0.9358566700520643 -1.3076453198704971 0.09871019588553243
v 0.9984482538975148 -1.649449769856246 0.29722533788144645
v 1.024160114058843 -1.4145266146597688 0.3787729399282036
vt 0.0390625 0.546875
vt 0.0703125 0.546875
vt 0.0703125 0.5078125
vt 0.0390625 0.5078125
vt 0.0390625 0.4375
vt 0.0703125 0.4375
vt 0.0703125 0.3984375
vt 0.0390625 0.3984375
vt 0 1
vt 0.015625000000000007 1
vt 0.015625000000000007 0.98046875
vt 0 0.98046875
vt 0.0390625 0.4921875
vt 0.0703125 0.4921875
vt 0.0703125 0.453125
vt 0.0390625 0.453125
vt 0 1
vt 0.015625000000000007 1
vt 0.015625000000000007 0.984375
vt 0 0.984375
vt 0.08203125 0.5078125
vt 0.09765625 0.5078125
vt 0.09765625 0.4921875
vt 0.08203125 0.4921875
vn -0.1028474406453124 -0.9396926207859084 -0.3261904081870282
vn 0.953716950748227 -1.1657341758564146e-15 -0.30070579950427306
vn 0.1028474406453124 0.9396926207859084 0.3261904081870282
vn -0.953716950748227 1.1657341758564146e-15 0.30070579950427306
vn -0.2825710208216919 0.34202014332566905 -0.8962007809365466
vn 0.2825710208216919 -0.34202014332566905 0.8962007809365466
usemtl m_028de888-636d-b0cb-79ae-6bea6fa114dd
f 68/196/49 71/195/49 69/194/49 66/193/49
f 67/200/50 68/199/50 66/198/50 65/197/50
f 72/204/51 67/203/51 65/202/51 70/201/51
f 71/208/52 72/207/52 70/206/52 69/205/52
f 70/212/53 65/211/53 66/210/53 69/209/53
f 71/216/54 68/215/54 67/214/54 72/213/54
o c10
v 1.1638679809961292 -1.4446589803588101 0.19833664891393155
v 1.1510120509154653 -1.5621205579570485 0.15756284789055297
v 1.322814180208331 -1.637045310979499 0.7024495881907393
v 1.309958250127667 -1.7545068885777375 0.6616757871673606
v 1.031797432071937 -1.5621205579570485 0.19515107282858712
v 1.0446533621526009 -1.44465898035881 0.2359248738519657
v 1.1907436312841386 -1.7545068885777373 0.6992640121053948
v 1.2035995613648027 -1.637045310979499 0.7400378131287733
vt 0.109375 0.546875
vt 0.1328125 0.546875
vt 0.1328125 0.4921875
vt 0.109375 0.4921875
vt 0.109375 0.546875
vt 0.1328125 0.546875
vt 0.1328125 0.4921875
vt 0.109375 0.4921875
vt 0.109375 0.546875
vt 0.1328125 0.546875
vt 0.1328125 0.4921875
vt 0.109375 0.4921875
vt 0.109375 0.546875
vt 0.1328125 0.546875
vt 0.1328125 0.4921875
vt 0.109375 0.4921875
vt 0 1
vt 0.007812500000000007 1
vt 0.007812500000000007 0.9921875
vt 0 0.9921875
vt 0 1
vt 0.007812500000000007 1
vt 0.007812500000000007 0.9921875
vt 0 0.9921875
vn -0.1028474406453124 -0.9396926207859084 -0.3261904081870282
vn 0.953716950748227 -1.1657341758564146e-15 -0.30070579950427306
vn 0.1028474406453124 0.9396926207859084 0.3261904081870282
vn -0.953716950748227 1.1657341758564146e-15 0.30070579950427306
vn -0.2825710208216919 0.34202014332566905 -0.8962007809365466
vn 0.2825710208216919 -0.34202014332566905 0.8962007809365466
usemtl m_028de888-636d-b0cb-79ae-6bea6fa114dd
f 76/220/55 79/219/55 77/218/55 74/217/55
f 75/224/56 76/223/56 74/222/56 73/221/56
f 80/228/57 75/227/57 73/226/57 78/225/57
f 79/232/58 80/231/58 78/230/58 77/229/58
f 78/236/59 73/235/59 74/234/59 77/233/59
f 79/240/60 76/239/60 75/238/60 80/237/60
o c11
v 1.0503278008388772 -2.012181106282048 -0.4735334736992187
v 0.7522912509720618 -2.0121811078992726 -0.3795629201013744
v 1.0724059169668867 -2.5698688408048165 -0.40351063777335217
v 0.7743693671000713 -2.5698688424220406 -0.3095400841755078
v 1.255391011304121 -1.7919181585279262 1.2160658319233753
v 1.5534275611709365 -1.7919181569107017 1.122095278325531
v 1.2774691274321306 -2.3496058930506942 1.2860886678492418
v 1.575505677298946 -2.3496058914334697 1.1921181142513975
vt 0.515625 0.8984375
vt 0.69921875 0.8984375
vt 0.69921875 0.84765625
vt 0.515625 0.84765625
vt 0 1
vt 0.01953125 1
vt 0.01953125 0.96484375
vt 0 0.96484375
vt 0.69921875 0.8984375
vt 0.8828125 0.8984375
vt 0.8828125 0.84765625
vt 0.69921875 0.84765625
vt 0 1
vt 0.01953125 1
vt 0.01953125 0.96484375
vt 0 0.96484375
vt 0.265625 0.66015625
vt 0.4609375 0.66015625
vt 0.4609375 0.625
vt 0.265625 0.625
vt 0.265625 0.66015625
vt 0.4609375 0.66015625
vt 0.4609375 0.625
vt 0.265625 0.625
vn -0.953716959573809 -5.175117882838533e-9 0.30070577151310185
vn -0.29813319130788696 -0.13052619222005718 -0.9455577789776295
vn 0.953716959573809 5.175117882838533e-9 -0.30070577151310185
vn 0.29813319130788696 0.13052619222005718 0.9455577789776295
vn -0.03924998422757279 0.9914448613738097 -0.12448504164598512
vn 0.03924998422757279 -0.9914448613738097 0.12448504164598512
usemtl m_028de888-636d-b0cb-79ae-6bea6fa114dd
f 84/244/61 87/243/61 85/242/61 82/241/61
f 83/248/62 84/247/62 82/246/62 81/245/62
f 88/252/63 83/251/63 81/250/63 86/249/63
f 87/256/64 88/255/64 86/254/64 85/253/64
f 86/260/65 81/259/65 82/258/65 85/257/65
f 87/264/66 84/263/66 83/262/66 88/261/66
o c12
v 1.2703640433194896 -1.8850857467287252 -0.6070450553545836
v 1.1511494233727637 -1.8850857473756149 -0.569456833915446
v 1.311041947015653 -2.4952707511786825 -0.4780312247189076
v 1.1918273270689268 -2.4952707518255726 -0.4404430032797699
v 1.2612411144894766 -1.8039208921488243 -0.22029056145621145
v 1.3804557344362025 -1.8039208915019345 -0.25787878289534916
v 1.3019190181856397 -2.414105896598782 -0.09127673082053533
v 1.4211336381323658 -2.414105895951892 -0.1288649522596731
vt 0 1
vt 0.0234375 1
vt 0.0234375 0.9609375
vt 0 0.9609375
vt 0.203125 1
vt 0.2109375 1
vt 0.2109375 0.9375
vt 0.203125 0.9375
vt 0.16796875 1
vt 0.2109375 1
vt 0.2109375 0.9375
vt 0.16796875 0.9375
vt 0.16796875 1
vt 0.17578125 1
vt 0.17578125 0.9375
vt 0.16796875 0.9375
vt 0.17578125 1
vt 0.203125 1
vt 0.203125 0.9921875
vt 0.17578125 0.9921875
vt 0.17578125 0.9453125
vt 0.203125 0.9453125
vt 0.203125 0.9375
vt 0.17578125 0.9375
vn -0.9537169595738089 -5.175117889777427e-9 0.3007057715131018
vn -0.29357784297790107 -0.21643961393810834 -0.931110059891292
vn 0.9537169595738089 5.175117889777427e-9 -0.3007057715131018
vn 0.29357784297790107 0.21643961393810834 0.931110059891292
vn -0.0650846459138612 0.9762960071199321 -0.2064221290170818
vn 0.0650846459138612 -0.9762960071199321 0.2064221290170818
usemtl m_028de888-636d-b0cb-79ae-6bea6fa114dd
f 92/268/67 95/267/67 93/266/67 90/265/67
f 91/272/68 92/271/68 90/270/68 89/269/68
f 96/276/69 91/275/69 89/274/69 94/273/69
f 95/280/70 96/279/70 94/278/70 93/277/70
f 94/284/71 89/283/71 90/282/71 93/281/71
f 95/288/72 92/287/72 91/286/72 96/285/72
o c13
v 1.0908154503339063 -1.8463441244105157 -0.7608117681277002
v 0.5543496605736389 -1.8463441273215195 -0.5916647716515804
v 1.1965779999439305 -3.432825135980405 -0.42537580847494233
v 0.6601122101836632 -3.432825138891409 -0.2562288119988225
v 0.756184427620946 -1.69754189273907 0.04847339452368282
v 1.2926502173812133 -1.697541889828066 -0.12067360195243698
v 0.86194697723097 -3.2840229043089595 0.3839093541764407
v 1.3984127669912376 -3.2840229013979556 0.21476235770032082
vt 0.16796875 0.85546875
vt 0.2109375 0.85546875
vt 0.2109375 0.71875
vt 0.16796875 0.71875
vt 0.10546875 0.9375
vt 0.16796875 0.9375
vt 0.16796875 0.69921875
vt 0.10546875 0.69921875
vt 0.0625 0.85546875
vt 0.10546875 0.85546875
vt 0.10546875 0.71875
vt 0.0625 0.71875
vt 0 0.9375
vt 0.0625 0.9375
vt 0.0625 0.69921875
vt 0 0.69921875
vt 0.0625 1
vt 0.10546875 1
vt 0.10546875 0.9375
vt 0.0625 0.9375
vt 0.16796875 0.9375
vt 0.16796875 0.89453125
vt 0.10546875 0.89453125
vt 0.10546875 0.9375
vn -0.9537169595738089 -5.175117889777427e-9 0.3007057715131018
vn -0.29357784297790107 -0.21643961393810834 -0.931110059891292
vn 0.9537169595738089 5.175117889777427e-9 -0.3007057715131018
vn 0.29357784297790107 0.21643961393810834 0.931110059891292
vn -0.0650846459138612 0.9762960071199321 -0.2064221290170818
vn 0.0650846459138612 -0.9762960071199321 0.2064221290170818
usemtl m_028de888-636d-b0cb-79ae-6bea6fa114dd
f 100/292/73 103/291/73 101/290/73 98/289/73
f 99/296/74 100/295/74 98/294/74 97/293/74
f 104/300/75 99/299/75 97/298/75 102/297/75
f 103/304/76 104/303/76 102/302/76 101/301/76
f 102/308/77 97/307/77 98/306/77 101/305/77
f 103/312/78 100/311/78 99/310/78 104/309/78
o c14
v 1.2781080414276385 -3.5007522333858696 -0.1667955273749842
v 0.7416422516673711 -3.500752236296873 0.002351469101135595
v 1.4082773332553606 -5.453344247625734 0.2460487306591792
v 0.8718115434950933 -5.4533442505367375 0.41519572713529906
v 0.8700825579702027 -3.406059905198951 0.40971212030357584
v 1.40654834773047 -3.406059902287947 0.24056512382745598
v 1.000251849797925 -5.358651919438815 0.8225563783377392
v 1.5367176395581925 -5.358651916527811 0.6534093818616196
vt 0.01953125 0.23828125
vt 0.08203125 0.23828125
vt 0.08203125 0
vt 0.01953125 0
vt 0.3125 0.24609375
vt 0.37890625 0.24609375
vt 0.37890625 0
vt 0.3125 0
vt 0.16015625 0.23828125
vt 0.22265625 0.23828125
vt 0.22265625 0
vt 0.16015625 0
vt 0.08203125 0.23828125
vt 0.16015625 0.23828125
vt 0.16015625 0
vt 0.08203125 0
vt 0.484375 0.84765625
vt 0.546875 0.84765625
vt 0.546875 0.77734375
vt 0.484375 0.77734375
vt 0.46875 0.625
vt 0.515625 0.625
vt 0.515625 0.578125
vt 0.46875 0.578125
vn -0.9537169595738089 -5.175117889777427e-9 0.3007057715131018
vn -0.29357784297790107 -0.21643961393810834 -0.931110059891292
vn 0.9537169595738089 5.175117889777427e-9 -0.3007057715131018
vn 0.29357784297790107 0.21643961393810834 0.931110059891292
vn -0.0650846459138612 0.9762960071199321 -0.2064221290170818
vn 0.0650846459138612 -0.9762960071199321 0.2064221290170818
usemtl m_028de888-636d-b0cb-79ae-6bea6fa114dd
f 108/316/79 111/315/79 109/314/79 106/313/79
f 107/320/80 108/319/80 106/318/80 105/317/80
f 112/324/81 107/323/81 105/322/81 110/321/81
f 111/328/82 112/327/82 110/326/82 109/325/82
f 110/332/83 105/331/83 106/330/83 109/329/83
f 111/336/84 108/335/84 107/334/84 112/333/84
o c15
v 1.002152816682148 -2.015872150521261 -0.6263250187546539
v 0.7041162668153327 -2.0158721521384857 -0.5323544651568095
v 1.1567288507275681 -4.334575167431099 -0.13607246233908477
v 0.8586923008607528 -4.334575169048325 -0.042101908741240424
v 0.869253803490402 -1.8941248692982995 -0.008605056467957839
v 1.1672903533572174 -1.8941248676810751 -0.10257561006580218
v 1.0238298375358221 -4.212827886208138 0.48164749994761136
v 1.3218663874026375 -4.212827884590913 0.3876769463497669
vt 0.2421875 0.24609375
vt 0.3125 0.24609375
vt 0.3125 0
vt 0.2421875 0
vt 0.3125 0.98046875
vt 0.375 0.98046875
vt 0.375 0.73046875
vt 0.3125 0.73046875
vt 0.3828125 0.24609375
vt 0.453125 0.24609375
vt 0.453125 0
vt 0.3828125 0
vt 0.60546875 0.48828125
vt 0.640625 0.48828125
vt 0.640625 0.3828125
vt 0.60546875 0.3828125
vt 0 1
vt 0.03515625 1
vt 0.03515625 0.98046875
vt 0 0.98046875
vt 0.21875 0.30859375
vt 0.3125 0.30859375
vt 0.3125 0.25390625
vt 0.21875 0.25390625
vn -0.9537169595738089 -5.175117889777427e-9 0.3007057715131018
vn -0.29357784297790107 -0.21643961393810834 -0.931110059891292
vn 0.9537169595738089 5.175117889777427e-9 -0.3007057715131018
vn 0.29357784297790107 0.21643961393810834 0.931110059891292
vn -0.0650846459138612 0.9762960071199321 -0.2064221290170818
vn 0.0650846459138612 -0.9762960071199321 0.2064221290170818
usemtl m_028de888-636d-b0cb-79ae-6bea6fa114dd
f 116/340/85 119/339/85 117/338/85 114/337/85
f 115/344/86 116/343/86 114/342/86 113/341/86
f 120/348/87 115/347/87 113/346/87 118/345/87
f 119/352/88 120/351/88 118/350/88 117/349/88
f 118/356/89 113/355/89 114/354/89 117/353/89
f 119/360/90 116/359/90 115/358/90 120/357/90
o c22
v -1.1615139722963965 -2.1198446956513477 1.4922154863276362
v -1.0962712007579847 -2.0815878315091023 1.2852918512246387
v -1.1386690286286114 -2.550698087594189 1.4197605817306087
v -1.0734262570901998 -2.512441223451943 1.2128369466276112
v -1.6804228330912736 -2.0815878315091023 1.1011095490282716
v -1.7456656046296855 -2.1198446956513477 1.3080331841312691
v -1.6575778894234885 -2.512441223451943 1.028654644431244
v -1.7228206609619003 -2.550698087594189 1.2355782795342416
vt 0.378125 0.83984375
vt 0.30859375 0.83984375
vt 0.30859375 0.7890625
vt 0.378125 0.7890625
vt 0.6098632812500003 0.09765625
vt 0.5937500000000002 0.09765625
vt 0.5937500000000002 0.05117187500000009
vt 0.6098632812500003 0.05117187500000009
vt 0.671484375 0.10195312499999998
vt 0.609765625 0.10195312499999998
vt 0.609765625 0.05117187499999998
vt 0.671484375 0.05117187499999998
vt 0.6954101562499999 0.10195312499999998
vt 0.671875 0.10195312499999998
vt 0.671875 0.05078125
vt 0.6954101562499999 0.05078125
vt 0.03828124999999999 1
vt 0 1
vt 0 0.98623046875
vt 0.03828124999999999 0.98623046875
vt 0.659375 0.05078125
vt 0.609375 0.05078125
vt 0.609375 0.029199218749999978
vt 0.659375 0.029199218749999978
vn 0.2961374027275427 0.17364817766693066 -0.9392278472760162
vn 0.9537169507482269 -6.93889390390723e-18 0.30070579950427306
vn -0.2961374027275427 -0.17364817766693066 0.9392278472760162
vn -0.9537169507482269 6.93889390390723e-18 -0.30070579950427306
vn -0.052217014097794445 0.9848077530122081 0.16561121050749147
vn 0.052217014097794445 -0.9848077530122081 -0.16561121050749147
usemtl m_028de888-636d-b0cb-79ae-6bea6fa114dd
f 124/364/91 127/363/91 125/362/91 122/361/91
f 123/368/92 124/367/92 122/366/92 121/365/92
f 128/372/93 123/371/93 121/370/93 126/369/93
f 127/376/94 128/375/94 126/374/94 125/373/94
f 126/380/95 121/379/95 122/378/95 125/377/95
f 127/384/96 124/383/96 123/382/96 128/381/96
o c23
v -0.7242494286087604 -0.07221935256805029 0.12617396683160176
v -0.493320893864872 -0.6099472616471558 -0.6062377736794675
v -0.9398466296959517 -1.09615940792929 0.8099609292037941
v -0.7089180949520633 -1.6338873170083954 0.07754918869272498
v -1.0893939880825139 -0.6099472616471558 -0.7941788983696382
v -1.3203225228264022 -0.07221935256805029 -0.061767157858568955
v -1.304991189169705 -1.6338873170083954 -0.11039193599744573
v -1.5359197239135938 -1.09615940792929 0.6220198045136236
vt 0.6484375 1
vt 0.59765625 1
vt 0.59765625 0.8984375
vt 0.6484375 0.8984375
vt 0.54296875 0.8984375
vt 0.640625 0.8984375
vt 0.640625 1
vt 0.54296875 1
vt 0.3125 0.49609375
vt 0.24609375 0.49609375
vt 0.24609375 0.375
vt 0.3125 0.375
vt 0.640625 1
vt 0.54296875 1
vt 0.54296875 0.8984375
vt 0.640625 0.8984375
vt 0.375 0.625
vt 0.3046875 0.625
vt 0.3046875 0.5234375
vt 0.375 0.5234375
vt 0.4140625 1
vt 0.375 1
vt 0.375 0.9375
vt 0.4140625 0.9375
vn 0.24632377039348108 -0.573576436351046 -0.7812391898784741
vn 0.9537169507482269 0 0.30070579950427306
vn -0.24632377039348108 0.573576436351046 0.7812391898784741
vn -0.9537169507482269 0 -0.30070579950427306
vn 0.17247776086975306 0.8191520442889919 -0.547029569897754
vn -0.17247776086975306 -0.8191520442889919 0.547029569897754
usemtl m_028de888-636d-b0cb-79ae-6bea6fa114dd
f 132/388/97 135/387/97 133/386/97 130/385/97
f 131/392/98 132/391/98 130/390/98 129/389/98
f 136/396/99 131/395/99 129/394/99 134/393/99
f 135/400/100 136/399/100 134/398/100 133/397/100
f 134/404/101 129/403/101 130/402/101 133/401/101
f 135/408/102 132/407/102 131/406/102 136/405/102
o c24
v -0.9271785983173578 -1.3076453198704976 0.042327858478481084
v -0.90146673815603 -1.5425684750669746 -0.039219743568276066
v -1.0154820423241366 -1.4145266146597693 0.3223906025211518
v -0.9897701821628089 -1.6494497698562463 0.24084300047439466
v -1.1398959758430867 -1.5425684750669746 -0.11439619344434437
v -1.1656078360044146 -1.3076453198704976 -0.03284859139758722
v -1.2281994198498656 -1.6494497698562463 0.16566655059832636
v -1.2539112800111933 -1.4145266146597693 0.2472141526450835
vt 0.0703125 0.546875
vt 0.0390625 0.546875
vt 0.0390625 0.5078125
vt 0.0703125 0.5078125
vt 0.0703125 0.4921875
vt 0.0390625 0.4921875
vt 0.0390625 0.453125
vt 0.0703125 0.453125
vt 0.015625000000000007 1
vt 0 1
vt 0 0.98046875
vt 0.015625000000000007 0.98046875
vt 0.0703125 0.4375
vt 0.0390625 0.4375
vt 0.0390625 0.3984375
vt 0.0703125 0.3984375
vt 0.015625000000000007 1
vt 0 1
vt 0 0.984375
vt 0.015625000000000007 0.984375
vt 0.09765625 0.5078125
vt 0.08203125 0.5078125
vt 0.08203125 0.4921875
vt 0.09765625 0.4921875
vn 0.10284744064531137 -0.9396926207859084 -0.32619040818702855
vn 0.953716950748227 0 0.30070579950427306
vn -0.10284744064531137 0.9396926207859084 0.32619040818702855
vn -0.953716950748227 0 -0.30070579950427306
vn 0.2825710208216923 0.34202014332566905 -0.8962007809365465
vn -0.2825710208216923 -0.34202014332566905 0.8962007809365465
usemtl m_028de888-636d-b0cb-79ae-6bea6fa114dd
f 140/412/103 143/411/103 141/410/103 138/409/103
f 139/416/104 140/415/104 138/414/104 137/413/104
f 144/420/105 139/419/105 137/418/105 142/417/105
f 143/424/106 144/423/106 142/422/106 141/421/106
f 142/428/107 137/427/107 138/426/107 141/425/107
f 143/432/108 140/431/108 139/430/108 144/429/108
o c25
v -1.1427438484081014 -1.568675656647535 0.7260134852364097
v -1.1170319882467734 -1.803598811844012 0.6444658831896524
v -1.23104729241488 -1.6755569514368065 1.0060762292790804
v -1.2053354322535523 -1.9104801066332837 0.9245286272323232
v -1.3554612259338301 -1.803598811844012 0.5692894333135841
v -1.381173086095158 -1.568675656647535 0.6508370353603414
v -1.443764669940609 -1.9104801066332837 0.8493521773562549
v -1.4694765301019368 -1.6755569514368065 0.930899779403012
vt 0.0703125 0.546875
vt 0.0390625 0.546875
vt 0.0390625 0.5078125
vt 0.0703125 0.5078125
vt 0.0703125 0.4921875
vt 0.0390625 0.4921875
vt 0.0390625 0.453125
vt 0.0703125 0.453125
vt 0.015625000000000007 1
vt 0 1
vt 0 0.98046875
vt 0.015625000000000007 0.98046875
vt 0.0703125 0.4375
vt 0.0390625 0.4375
vt 0.0390625 0.3984375
vt 0.0703125 0.3984375
vt 0.09765625 0.5078125
vt 0.08203125 0.5078125
vt 0.08203125 0.4921875
vt 0.09765625 0.4921875
vt 0.015625000000000007 1
vt 0 1
vt 0 0.984375
vt 0.015625000000000007 0.984375
vn 0.10284744064531137 -0.9396926207859084 -0.32619040818702855
vn 0.953716950748227 0 0.30070579950427306
vn -0.10284744064531137 0.9396926207859084 0.32619040818702855
vn -0.953716950748227 0 -0.30070579950427306
vn 0.2825710208216923 0.34202014332566905 -0.8962007809365465
vn -0.2825710208216923 -0.34202014332566905 0.8962007809365465
usemtl m_028de888-636d-b0cb-79ae-6bea6fa114dd
f 148/436/109 151/435/109 149/434/109 146/433/109
f 147/440/110 148/439/110 146/438/110 145/437/110
f 152/444/111 147/443/111 145/442/111 150/441/111
f 151/448/112 152/447/112 150/446/112 149/445/112
f 150/452/113 145/451/113 146/450/113 149/449/113
f 151/456/114 148/455/114 147/454/114 152/453/114
o c26
v -1.0359752904178945 -1.4446589803588101 0.17954253644491402
v -1.0231193603372306 -1.5621205579570485 0.13876873542153545
v -1.1949214896300964 -1.637045310979499 0.6836554757217215
v -1.1820655595494325 -1.7545068885777375 0.642881674698343
v -1.142333979180759 -1.5621205579570485 0.1011805104835013
v -1.1551899092614228 -1.4446589803588101 0.14195431150687987
v -1.3012801783929608 -1.7545068885777375 0.6052934497603086
v -1.3141361084736247 -1.637045310979499 0.6460672507836873
vt 0.1328125 0.546875
vt 0.109375 0.546875
vt 0.109375 0.4921875
vt 0.1328125 0.4921875
vt 0.1328125 0.546875
vt 0.109375 0.546875
vt 0.109375 0.4921875
vt 0.1328125 0.4921875
vt 0.1328125 0.546875
vt 0.109375 0.546875
vt 0.109375 0.4921875
vt 0.1328125 0.4921875
vt 0.1328125 0.546875
vt 0.109375 0.546875
vt 0.109375 0.4921875
vt 0.1328125 0.4921875
vt 0.007812500000000007 1
vt 0 1
vt 0 0.9921875
vt 0.007812500000000007 0.9921875
vt 0.007812500000000007 1
vt 0 1
vt 0 0.9921875
vt 0.007812500000000007 0.9921875
vn 0.10284744064531137 -0.9396926207859084 -0.32619040818702855
vn 0.953716950748227 0 0.30070579950427306
vn -0.10284744064531137 0.9396926207859084 0.32619040818702855
vn -0.953716950748227 0 -0.30070579950427306
vn 0.2825710208216923 0.34202014332566905 -0.8962007809365465
vn -0.2825710208216923 -0.34202014332566905 0.8962007809365465
usemtl m_028de888-636d-b0cb-79ae-6bea6fa114dd
f 156/460/115 159/459/115 157/458/115 154/457/115
f 155/464/116 156/463/116 154/462/116 153/461/116
f 160/468/117 155/467/117 153/466/117 158/465/117
f 159/472/118 160/471/118 158/470/118 157/469/118
f 158/476/119 153/475/119 154/474/119 157/473/119
f 159/480/120 156/479/120 155/478/120 160/477/120
o c27
v -0.9840587034681232 -1.1320079352012304 0.7423393673673724
v -0.9378729965193455 -1.2395535170170517 0.5958570192651584
v -0.9948385635224828 -1.1832049379692924 0.7765287154859821
v -0.9486528565737051 -1.2907505197851137 0.6300463673837682
v -1.414731471893459 -1.2395535170170517 0.44550411951302205
v -1.4609171788422368 -1.1320079352012304 0.5919864676152358
v -1.4255113319478185 -1.2907505197851137 0.47969346763163156
v -1.4716970388965962 -1.1832049379692924 0.6261758157338455
vt 0.3671875 0.9375
vt 0.3203125 0.9375
vt 0.3203125 0.9296875
vt 0.3671875 0.9296875
vt 0.33984375 0.9375
vt 0.3203125 0.9375
vt 0.3203125 0.9296875
vt 0.33984375 0.9296875
vt 0.36718750000000006 0.9375
vt 0.32031250000000006 0.9375
vt 0.32031250000000006 0.9296875
vt 0.36718750000000006 0.9296875
vt 0.33984375 0.9375
vt 0.3203125 0.9375
vt 0.3203125 0.9296875
vt 0.33984375 0.9296875
vt 0.03125 1
vt 0 1
vt 0 0.98828125
vt 0.03125 0.98828125
vt 0.03125 1
vt 0 1
vt 0 0.98828125
vt 0.03125 0.98828125
vn 0.24632377039348108 -0.573576436351046 -0.7812391898784741
vn 0.9537169507482269 0 0.30070579950427306
vn -0.24632377039348108 0.573576436351046 0.7812391898784741
vn -0.9537169507482269 0 -0.30070579950427306
vn 0.17247776086975306 0.8191520442889919 -0.547029569897754
vn -0.17247776086975306 -0.8191520442889919 0.547029569897754
usemtl m_028de888-636d-b0cb-79ae-6bea6fa114dd
f 164/484/121 167/483/121 165/482/121 162/481/121
f 163/488/122 164/487/122 162/486/122 161/485/122
f 168/492/123 163/491/123 161/490/123 166/489/123
f 167/496/124 168/495/124 166/494/124 165/493/124
f 166/500/125 161/499/125 162/498/125 165/497/125
f 167/504/126 164/503/126 163/502/126 168/501/126
o c20
v -1.5447494900869259 -1.7919181576375263 1.0657129378616277
v -1.2467129415831628 -1.7919181580433767 1.1596834957825222
v -1.5668276051688588 -2.349605892160295 1.1357357741173149
v -1.2687910566650957 -2.3496058925661454 1.2297063320382091
v -0.7436131572920391 -2.0121811074147056 -0.4359452486879656
v -1.041649705795802 -2.012181107008855 -0.5299158066088601
v -0.765691272373972 -2.5698688419374744 -0.3659224124322784
v -1.063727820877735 -2.569868841531624 -0.4598929703531729
vt 0.69921875 0.8984375
vt 0.515625 0.8984375
vt 0.515625 0.84765625
vt 0.69921875 0.84765625
vt 0.01953125 1
vt 0 1
vt 0 0.96484375
vt 0.01953125 0.96484375
vt 0.8828125 0.8984375
vt 0.69921875 0.8984375
vt 0.69921875 0.84765625
vt 0.8828125 0.84765625
vt 0.01953125 1
vt 0 1
vt 0 0.96484375
vt 0.01953125 0.96484375
vt 0.4609375 0.66015625
vt 0.265625 0.66015625
vt 0.265625 0.625
vt 0.4609375 0.625
vt 0.4609375 0.66015625
vt 0.265625 0.66015625
vt 0.265625 0.625
vt 0.4609375 0.625
vn 0.9537169552120415 -1.2987213943160827e-9 0.3007057853468621
vn -0.2981332055058512 0.1305261922200468 0.9455577745010303
vn -0.9537169552120415 1.2987213943160827e-9 -0.3007057853468621
vn 0.2981332055058512 -0.1305261922200468 -0.9455577745010303
vn 0.03924998236788079 0.9914448613738112 -0.12448504223233284
vn -0.03924998236788079 -0.9914448613738112 0.12448504223233284
usemtl m_028de888-636d-b0cb-79ae-6bea6fa114dd
f 172/508/127 175/507/127 173/506/127 170/505/127
f 171/512/128 172/511/128 170/510/128 169/509/128
f 176/516/129 171/515/129 169/514/129 174/513/129
f 175/520/130 176/519/130 174/518/130 173/517/130
f 174/524/131 169/523/131 170/522/131 173/521/131
f 175/528/132 172/527/132 171/526/132 176/525/132
o c16
v -1.158612264131376 -1.8941248684078857 -0.15895794480960868
v -0.860575715627613 -1.8941248688137362 -0.0649873868887142
v -1.313188296715741 -4.212827885317729 0.3312946120666038
v -1.015151748211978 -4.212827885723581 0.4252651699874983
v -0.6954381709054077 -2.0158721516539164 -0.5887367930403152
v -0.9934747194091708 -2.015872151248066 -0.6827073509612096
v -0.8500142034897726 -4.33457516856376 -0.09848423616410273
v -1.1480507519935357 -4.33457516815791 -0.1924547940849971
vt 0.3125 0.24609375
vt 0.2421875 0.24609375
vt 0.2421875 0
vt 0.3125 0
vt 0.640625 0.48828125
vt 0.60546875 0.48828125
vt 0.60546875 0.3828125
vt 0.640625 0.3828125
vt 0.453125 0.24609375
vt 0.3828125 0.24609375
vt 0.3828125 0
vt 0.453125 0
vt 0.375 0.98046875
vt 0.3125 0.98046875
vt 0.3125 0.73046875
vt 0.375 0.73046875
vt 0.03515625 1
vt 0 1
vt 0 0.98046875
vt 0.03515625 0.98046875
vt 0.3125 0.30859375
vt 0.21875 0.30859375
vt 0.21875 0.25390625
vt 0.3125 0.25390625
vn 0.9537169552120415 -1.2987213943160827e-9 0.30070578534686204
vn -0.29357785728392066 0.21643961393809816 0.9311100553806241
vn -0.9537169552120415 1.2987213943160827e-9 -0.30070578534686204
vn 0.29357785728392066 -0.21643961393809816 -0.9311100553806241
vn 0.06508464529868004 0.9762960071199344 -0.20642212921103703
vn -0.06508464529868004 -0.9762960071199344 0.20642212921103703
usemtl m_028de888-636d-b0cb-79ae-6bea6fa114dd
f 180/532/133 183/531/133 181/530/133 178/529/133
f 179/536/134 180/535/134 178/534/134 177/533/134
f 184/540/135 179/539/135 177/538/135 182/537/135
f 183/544/136 184/543/136 182/542/136 181/541/136
f 182/548/137 177/547/137 178/546/137 181/545/137
f 183/552/138 180/551/138 179/550/138 184/549/138
o c18
v -1.3978702578923137 -3.406059903499312 0.1841827873755677
v -0.8614044705855404 -3.406059904229843 0.35332979163317757
v -1.5280395484896736 -5.358651917739181 0.5970270457976414
v -0.9915737611829003 -5.358651918469712 0.7661740500552512
v -0.7329641580238251 -3.500752235327761 -0.054030857595845416
v -1.2694299453305984 -3.50075223459723 -0.22317786185345528
v -0.8631334486211851 -5.45334424956763 0.35881340082622826
v -1.3995992359279583 -5.453344248837099 0.1896663965686184
vt 0.08203125 0.23828125
vt 0.01953125 0.23828125
vt 0.01953125 0
vt 0.08203125 0
vt 0.16015625 0.23828125
vt 0.08203125 0.23828125
vt 0.08203125 0
vt 0.16015625 0
vt 0.22265625 0.23828125
vt 0.16015625 0.23828125
vt 0.16015625 0
vt 0.22265625 0
vt 0.37890625 0.24609375
vt 0.3125 0.24609375
vt 0.3125 0
vt 0.37890625 0
vt 0.546875 0.84765625
vt 0.484375 0.84765625
vt 0.484375 0.77734375
vt 0.546875 0.77734375
vt 0.515625 0.625
vt 0.46875 0.625
vt 0.46875 0.578125
vt 0.515625 0.578125
vn 0.9537169552120415 -1.2987213943160827e-9 0.30070578534686204
vn -0.29357785728392066 0.21643961393809816 0.9311100553806241
vn -0.9537169552120415 1.2987213943160827e-9 -0.30070578534686204
vn 0.29357785728392066 -0.21643961393809816 -0.9311100553806241
vn 0.06508464529868004 0.9762960071199344 -0.20642212921103703
vn -0.06508464529868004 -0.9762960071199344 0.20642212921103703
usemtl m_028de888-636d-b0cb-79ae-6bea6fa114dd
f 188/556/139 191/555/139 189/554/139 186/553/139
f 187/560/140 188/559/140 186/558/140 185/557/140
f 192/564/141 187/563/141 185/562/141 190/561/141
f 191/568/142 192/567/142 190/566/142 189/565/142
f 190/572/143 185/571/143 186/570/143 189/569/143
f 191/576/144 188/575/144 187/574/144 192/573/144
o c19
v -1.3717776432911564 -1.8039208931978439 -0.31426112083628677
v -1.2525630238896512 -1.803920893360184 -0.276672897667929
v -1.4124555466028312 -2.4141058976478025 -0.18524729007938873
v -1.293240927201326 -2.414105897810143 -0.14765906691103098
v -1.1424713274081808 -1.8850857485869708 -0.625839168435663
v -1.2616859468096862 -1.8850857484246306 -0.6634273916040208
v -1.183149230719856 -2.49527075303693 -0.4968253376787649
v -1.302363850121361 -2.49527075287459 -0.5344135608471228
vt 0.0234375 1
vt 0 1
vt 0 0.9609375
vt 0.0234375 0.9609375
vt 0.17578125 1
vt 0.16796875 1
vt 0.16796875 0.9375
vt 0.17578125 0.9375
vt 0.2109375 1
vt 0.16796875 1
vt 0.16796875 0.9375
vt 0.2109375 0.9375
vt 0.2109375 1
vt 0.203125 1
vt 0.203125 0.9375
vt 0.2109375 0.9375
vt 0.203125 1
vt 0.17578125 1
vt 0.17578125 0.9921875
vt 0.203125 0.9921875
vt 0.203125 0.9453125
vt 0.17578125 0.9453125
vt 0.17578125 0.9375
vt 0.203125 0.9375
vn 0.9537169552120415 -1.2987213943160827e-9 0.30070578534686204
vn -0.29357785728392066 0.21643961393809816 0.9311100553806241
vn -0.9537169552120415 1.2987213943160827e-9 -0.30070578534686204
vn 0.29357785728392066 -0.21643961393809816 -0.9311100553806241
vn 0.06508464529868004 0.9762960071199344 -0.20642212921103703
vn -0.06508464529868004 -0.9762960071199344 0.20642212921103703
usemtl m_028de888-636d-b0cb-79ae-6bea6fa114dd
f 196/580/145 199/579/145 197/578/145 194/577/145
f 195/584/146 196/583/146 194/582/146 193/581/146
